10^7

p=c(1,2,4,8,16,32,64)

times = c(0.19799113,max(0.10210919,
 0.10210299),)
 
2
  
4
0.05165792

  0.05167317
 0.05166602

  0.05164504
8


  0.02719998
 0.02731490

 0.02746487

  0.02712083

  0.02720809

 : 0.02782202

  0.02719903

 0.02721786
~            
16
 0.01476598

 : 0.01458
  0.01541305
 0.01539016

  0.01547098

 0.01483798

  0.01555300

 0.01556611

 0.01544094

 0.01470780

 0.01490402
  0.01471615

  0.01461601

  0.01497102

 0.01473689

  0.01462317

32
 0.00788498

  0.00737810

 0.00794005

  0.00789595

0.00872207

 0.00741506

 0.00870109

  0.00732303

 # 0.00742006

0.00869393

 0.00848818

 0.00797606

0.00844789

 0.00823283

 0.00815392

 0.00765491

 0.00741291

 0.00765300

 0.00875187

size:32
 0.04725909
  0.00744009
 0.007482 
0.00752616

 0.00756907

  0.00758719

  0.00762892
 0.00769806

 0.00921702

  0.00923395

  0.00928593

 0.00932288

 # 0.00937700
                                         
64

0.00496292

  0.00525093

 0.00492382

  0.00422716
: 0.00399399

: 0.00543189

: 0.00420189

  0.00486588

  0.00402617

  0.00418115

  0.00403118
 0.00486493

 0.00404096
 0.00417614

  0.00458097

  0.00412202

  0.00452209

 0.00418210

  0.00417304

  0.00375891

  0.00573897

  0.00572491

  0.00465298

  0.00581098

 : 0.00424409

  0.00474000

  0.00576115

 # : 0.00548482

 #: 0.00537586

 0.00440788

  0.00484896
 0.00477695

  0.00458288

  0.00432491
 0.00469589

  0.00477695

  0.00438309

  0.00447416

  0.00647306

  0.00627685

  0.00618219

 0.00714803

  0.00723004

 0.00602579

0.00707698
 0.00610185

 0.00709581
 0.00637603

  0.00703192

  0.00697803

 0.00706196

  0.00695205

  0.00703597

  0.00657392

  0.00652289

 0.00659800

  0.00656891
 0.00659204

  0.00718093

   0.00334597

  0.00338888


 0.04147911

  0.00419092
 0.00422788
                                                
~   
