
times=c(1.98372889,max(1.02693415,

 1.02692699),max(0.51569390
, 0.51566887
, 0.51568604
, 0.51569605),max(0.27261996
, 0.27256894
, 0.27247882
, 0.27258492
, 0.27260995
, 0.27228403
, 0.27240801
, 0.27264094),max(0.14496112
, 0.14494896

,0.14598918
, 0.14485312
, 0.14590001
, 0.14521599
, 0.14592195
, 0.14581800
, 0.14573097
, 0.14524698
, 0.14490891
, 0.14503598
, 0.14495993
, 0.14524603
, 0.14510798
, 0.14495707),max(0.07325387
,0.07198596
, 0.07195997
, 0.07338786
, 0.07325006
, 0.07323098
, 0.07312989
, 0.07309890
, 0.07321405
, 0.07240081
, 0.07238412
, 0.07342100
, 0.07483482
, 0.07389092
, 0.07478786
, 0.07438278
, 0.07476497
, 0.07383108
, 0.07388282
,0.11282682
,0.07236004
, 0.07248712
, 0.07254601
, 0.07257795
, 0.07262397
, 0.07265186
, 0.07270503
, 0.07274818
, 0.07278991
, 0.07282305
, 0.07287002
, 0.07290816
),max(0.03641486
, 0.03742695
, 0.03905416
, 0.03832889
, 0.03874183
, 0.03766584
, 0.04048705
, 0.04036498
, 0.04032516
, 0.03866696
, 0.04026008
, 0.03866696
, 0.03939390
 0.03925204
, 0.03820705
, 0.03813481
, 0.04544020
, 0.04541898
, 0.04535294
, 0.03610110
, 0.03747511
, 0.03646803
,0.03610110
, 0.03747511
, 0.03646803
, 0.03625488
, 0.03643608
, 0.03632188
, 0.03740406
, 0.03748989
, 0.03730989
, 0.03730702
, 0.03745008
, 0.03735900
, 0.03668499
, 0.03739810
, 0.03673315
, 0.03671908
, 0.03725410
, 0.03685308
, 0.03872204
, 0.03837013
,0.10972810
, 0.03223920
, 0.03228307
, 0.03233290
, 0.03237700
, 0.07948589
, 0.07940102
, 0.07953286
, 0.07955503
, 0.07958698
, 0.07965398
, 0.07970190
, 0.07963705
, 0.07964802
, 0.07981992
, 0.07981896
, 0.07987714
, 0.07990909
, 0.07998300
, 0.08000898
, 0.08002687
, 0.08006096
, 0.08014488
, 0.08018208
, 0.08022690
))
1

2

         
4                                             
   
~    
8 


16
: 
~            
32
: 
64


~             
